src/ctapipe/resources/veritas_pixel_coordinates.ecsv
# %ECSV 1.0
# ---
# datatype:
# - {name: id, datatype: int64}
# - {name: x, unit: mm, datatype: float64}
# - {name: y, unit: mm, datatype: float64}
# - {name: r, unit: mm, datatype: float64}
# schema: astropy-2.0
id x y r
1 0.0 0.0 14.0
2 31.4 0.0 14.0
3 15.7 -27.19 14.0
4 -15.7 -27.19 14.0
5 -31.4 0.0 14.0
6 -15.7 27.19 14.0
7 15.7 27.19 14.0
8 62.8 0.0 14.0
9 47.1 -27.19 14.0
10 31.4 -54.39 14.0
11 0.0 -54.39 14.0
12 -31.4 -54.39 14.0
13 -47.1 -27.19 14.0
14 -62.8 0.0 14.0
15 -47.1 27.19 14.0
16 -31.4 54.39 14.0
17 0.0 54.39 14.0
18 31.4 54.39 14.0
19 47.1 27.19 14.0
20 94.2 0.0 14.0
21 78.5 -27.19 14.0
22 62.8 -54.39 14.0
23 47.1 -81.58 14.0
24 15.7 -81.58 14.0
25 -15.7 -81.58 14.0
26 -47.1 -81.58 14.0
27 -62.8 -54.39 14.0
28 -78.5 -27.19 14.0
29 -94.2 0.0 14.0
30 -78.5 27.19 14.0
31 -62.8 54.39 14.0
32 -47.1 81.58 14.0
33 -15.7 81.58 14.0
34 15.7 81.58 14.0
35 47.1 81.58 14.0
36 62.8 54.39 14.0
37 78.5 27.19 14.0
38 125.6 0.0 14.0
39 109.9 -27.19 14.0
40 94.2 -54.39 14.0
41 78.5 -81.58 14.0
42 62.8 -108.77 14.0
43 31.4 -108.77 14.0
44 0.0 -108.77 14.0
45 -31.4 -108.77 14.0
46 -62.8 -108.77 14.0
47 -78.5 -81.58 14.0
48 -94.2 -54.39 14.0
49 -109.9 -27.19 14.0
50 -125.6 0.0 14.0
51 -109.9 27.19 14.0
52 -94.2 54.39 14.0
53 -78.5 81.58 14.0
54 -62.8 108.77 14.0
55 -31.4 108.77 14.0
56 0.0 108.77 14.0
57 31.4 108.77 14.0
58 62.8 108.77 14.0
59 78.5 81.58 14.0
60 94.2 54.39 14.0
61 109.9 27.19 14.0
62 157.0 0.0 14.0
63 141.3 -27.19 14.0
64 125.6 -54.39 14.0
65 109.9 -81.58 14.0
66 94.2 -108.77 14.0
67 78.5 -135.97 14.0
68 47.1 -135.97 14.0
69 15.7 -135.97 14.0
70 -15.7 -135.97 14.0
71 -47.1 -135.97 14.0
72 -78.5 -135.97 14.0
73 -94.2 -108.77 14.0
74 -109.9 -81.58 14.0
75 -125.6 -54.39 14.0
76 -141.3 -27.19 14.0
77 -157.0 0.0 14.0
78 -141.3 27.19 14.0
79 -125.6 54.39 14.0
80 -109.9 81.58 14.0
81 -94.2 108.77 14.0
82 -78.5 135.97 14.0
83 -47.1 135.97 14.0
84 -15.7 135.97 14.0
85 15.7 135.97 14.0
86 47.1 135.97 14.0
87 78.5 135.97 14.0
88 94.2 108.77 14.0
89 109.9 81.58 14.0
90 125.6 54.39 14.0
91 141.3 27.19 14.0
92 188.4 0.0 14.0
93 172.7 -27.19 14.0
94 157.0 -54.39 14.0
95 141.3 -81.58 14.0
96 125.6 -108.77 14.0
97 109.9 -135.97 14.0
98 94.2 -163.16 14.0
99 62.8 -163.16 14.0
100 31.4 -163.16 14.0
101 0.0 -163.16 14.0
102 -31.4 -163.16 14.0
103 -62.8 -163.16 14.0
104 -94.2 -163.16 14.0
105 -109.9 -135.97 14.0
106 -125.6 -108.77 14.0
107 -141.3 -81.58 14.0
108 -157.0 -54.39 14.0
109 -172.7 -27.19 14.0
110 -188.4 0.0 14.0
111 -172.7 27.19 14.0
112 -157.0 54.39 14.0
113 -141.3 81.58 14.0
114 -125.6 108.77 14.0
115 -109.9 135.97 14.0
116 -94.2 163.16 14.0
117 -62.8 163.16 14.0
118 -31.4 163.16 14.0
119 0.0 163.16 14.0
120 31.4 163.16 14.0
121 62.8 163.16 14.0
122 94.2 163.16 14.0
123 109.9 135.97 14.0
124 125.6 108.77 14.0
125 141.3 81.58 14.0
126 157.0 54.39 14.0
127 172.7 27.19 14.0
128 219.8 0.0 14.0
129 204.1 -27.19 14.0
130 188.4 -54.39 14.0
131 172.7 -81.58 14.0
132 157.0 -108.77 14.0
133 141.3 -135.97 14.0
134 125.6 -163.16 14.0
135 109.9 -190.35 14.0
136 78.5 -190.35 14.0
137 47.1 -190.35 14.0
138 15.7 -190.35 14.0
139 -15.7 -190.35 14.0
140 -47.1 -190.35 14.0
141 -78.5 -190.35 14.0
142 -109.9 -190.35 14.0
143 -125.6 -163.16 14.0
144 -141.3 -135.97 14.0
145 -157.0 -108.77 14.0
146 -172.7 -81.58 14.0
147 -188.4 -54.39 14.0
148 -204.1 -27.19 14.0
149 -219.8 0.0 14.0
150 -204.1 27.19 14.0
151 -188.4 54.39 14.0
152 -172.7 81.58 14.0
153 -157.0 108.77 14.0
154 -141.3 135.97 14.0
155 -125.6 163.16 14.0
156 -109.9 190.35 14.0
157 -78.5 190.35 14.0
158 -47.1 190.35 14.0
159 -15.7 190.35 14.0
160 15.7 190.35 14.0
161 47.1 190.35 14.0
162 78.5 190.35 14.0
163 109.9 190.35 14.0
164 125.6 163.16 14.0
165 141.3 135.97 14.0
166 157.0 108.77 14.0
167 172.7 81.58 14.0
168 188.4 54.39 14.0
169 204.1 27.19 14.0
170 251.2 0.0 14.0
171 235.5 -27.19 14.0
172 219.8 -54.39 14.0
173 204.1 -81.58 14.0
174 188.4 -108.77 14.0
175 172.7 -135.97 14.0
176 157.0 -163.16 14.0
177 141.3 -190.35 14.0
178 125.6 -217.55 14.0
179 94.2 -217.55 14.0
180 62.8 -217.55 14.0
181 31.4 -217.55 14.0
182 0.0 -217.55 14.0
183 -31.4 -217.55 14.0
184 -62.8 -217.55 14.0
185 -94.2 -217.55 14.0
186 -125.6 -217.55 14.0
187 -141.3 -190.35 14.0
188 -157.0 -163.16 14.0
189 -172.7 -135.97 14.0
190 -188.4 -108.77 14.0
191 -204.1 -81.58 14.0
192 -219.8 -54.39 14.0
193 -235.5 -27.19 14.0
194 -251.2 0.0 14.0
195 -235.5 27.19 14.0
196 -219.8 54.39 14.0
197 -204.1 81.58 14.0
198 -188.4 108.77 14.0
199 -172.7 135.97 14.0
200 -157.0 163.16 14.0
201 -141.3 190.35 14.0
202 -125.6 217.55 14.0
203 -94.2 217.55 14.0
204 -62.8 217.55 14.0
205 -31.4 217.55 14.0
206 0.0 217.55 14.0
207 31.4 217.55 14.0
208 62.8 217.55 14.0
209 94.2 217.55 14.0
210 125.6 217.55 14.0
211 141.3 190.35 14.0
212 157.0 163.16 14.0
213 172.7 135.97 14.0
214 188.4 108.77 14.0
215 204.1 81.58 14.0
216 219.8 54.39 14.0
217 235.5 27.19 14.0
218 282.6 0.0 14.0
219 266.9 -27.19 14.0
220 251.2 -54.39 14.0
221 235.5 -81.58 14.0
222 219.8 -108.77 14.0
223 204.1 -135.97 14.0
224 188.4 -163.16 14.0
225 172.7 -190.35 14.0
226 157.0 -217.55 14.0
227 141.3 -244.74 14.0
228 109.9 -244.74 14.0
229 78.5 -244.74 14.0
230 47.1 -244.74 14.0
231 15.7 -244.74 14.0
232 -15.7 -244.74 14.0
233 -47.1 -244.74 14.0
234 -78.5 -244.74 14.0
235 -109.9 -244.74 14.0
236 -141.3 -244.74 14.0
237 -157.0 -217.55 14.0
238 -172.7 -190.35 14.0
239 -188.4 -163.16 14.0
240 -204.1 -135.97 14.0
241 -219.8 -108.77 14.0
242 -235.5 -81.58 14.0
243 -251.2 -54.39 14.0
244 -266.9 -27.19 14.0
245 -282.6 0.0 14.0
246 -266.9 27.19 14.0
247 -251.2 54.39 14.0
248 -235.5 81.58 14.0
249 -219.8 108.77 14.0
250 -204.1 135.97 14.0
251 -188.4 163.16 14.0
252 -172.7 190.35 14.0
253 -157.0 217.55 14.0
254 -141.3 244.74 14.0
255 -109.9 244.74 14.0
256 -78.5 244.74 14.0
257 -47.1 244.74 14.0
258 -15.7 244.74 14.0
259 15.7 244.74 14.0
260 47.1 244.74 14.0
261 78.5 244.74 14.0
262 109.9 244.74 14.0
263 141.3 244.74 14.0
264 157.0 217.55 14.0
265 172.7 190.35 14.0
266 188.4 163.16 14.0
267 204.1 135.97 14.0
268 219.8 108.77 14.0
269 235.5 81.58 14.0
270 251.2 54.39 14.0
271 266.9 27.19 14.0
272 314.0 0.0 14.0
273 298.3 -27.19 14.0
274 282.6 -54.39 14.0
275 266.9 -81.58 14.0
276 251.2 -108.77 14.0
277 235.5 -135.97 14.0
278 219.8 -163.16 14.0
279 204.1 -190.35 14.0
280 188.4 -217.55 14.0
281 172.7 -244.74 14.0
282 157.0 -271.93 14.0
283 125.6 -271.93 14.0
284 94.2 -271.93 14.0
285 62.8 -271.93 14.0
286 31.4 -271.93 14.0
287 0.0 -271.93 14.0
288 -31.4 -271.93 14.0
289 -62.8 -271.93 14.0
290 -94.2 -271.93 14.0
291 -125.6 -271.93 14.0
292 -157.0 -271.93 14.0
293 -172.7 -244.74 14.0
294 -188.4 -217.55 14.0
295 -204.1 -190.35 14.0
296 -219.8 -163.16 14.0
297 -235.5 -135.97 14.0
298 -251.2 -108.77 14.0
299 -266.9 -81.58 14.0
300 -282.6 -54.39 14.0
301 -298.3 -27.19 14.0
302 -314.0 0.0 14.0
303 -298.3 27.19 14.0
304 -282.6 54.39 14.0
305 -266.9 81.58 14.0
306 -251.2 108.77 14.0
307 -235.5 135.97 14.0
308 -219.8 163.16 14.0
309 -204.1 190.35 14.0
310 -188.4 217.55 14.0
311 -172.7 244.74 14.0
312 -157.0 271.93 14.0
313 -125.6 271.93 14.0
314 -94.2 271.93 14.0
315 -62.8 271.93 14.0
316 -31.4 271.93 14.0
317 0.0 271.93 14.0
318 31.4 271.93 14.0
319 62.8 271.93 14.0
320 94.2 271.93 14.0
321 125.6 271.93 14.0
322 157.0 271.93 14.0
323 172.7 244.74 14.0
324 188.4 217.55 14.0
325 204.1 190.35 14.0
326 219.8 163.16 14.0
327 235.5 135.97 14.0
328 251.2 108.77 14.0
329 266.9 81.58 14.0
330 282.6 54.39 14.0
331 298.3 27.19 14.0
332 345.4 0.0 14.0
333 329.7 -27.19 14.0
334 314.0 -54.39 14.0
335 298.3 -81.58 14.0
336 282.6 -108.77 14.0
337 266.9 -135.97 14.0
338 251.2 -163.16 14.0
339 235.5 -190.35 14.0
340 219.8 -217.55 14.0
341 204.1 -244.74 14.0
342 188.4 -271.93 14.0
343 172.7 -299.13 14.0
344 141.3 -299.13 14.0
345 109.9 -299.13 14.0
346 78.5 -299.13 14.0
347 47.1 -299.13 14.0
348 15.7 -299.13 14.0
349 -15.7 -299.13 14.0
350 -47.1 -299.13 14.0
351 -78.5 -299.13 14.0
352 -109.9 -299.13 14.0
353 -141.3 -299.13 14.0
354 -172.7 -299.13 14.0
355 -188.4 -271.93 14.0
356 -204.1 -244.74 14.0
357 -219.8 -217.55 14.0
358 -235.5 -190.35 14.0
359 -251.2 -163.16 14.0
360 -266.9 -135.97 14.0
361 -282.6 -108.77 14.0
362 -298.3 -81.58 14.0
363 -314.0 -54.39 14.0
364 -329.7 -27.19 14.0
365 -345.4 0.0 14.0
366 -329.7 27.19 14.0
367 -314.0 54.39 14.0
368 -298.3 81.58 14.0
369 -282.6 108.77 14.0
370 -266.9 135.97 14.0
371 -251.2 163.16 14.0
372 -235.5 190.35 14.0
373 -219.8 217.55 14.0
374 -204.1 244.74 14.0
375 -188.4 271.93 14.0
376 -172.7 299.13 14.0
377 -141.3 299.13 14.0
378 -109.9 299.13 14.0
379 -78.5 299.13 14.0
380 -47.1 299.13 14.0
381 -15.7 299.13 14.0
382 15.7 299.13 14.0
383 47.1 299.13 14.0
384 78.5 299.13 14.0
385 109.9 299.13 14.0
386 141.3 299.13 14.0
387 172.7 299.13 14.0
388 188.4 271.93 14.0
389 204.1 244.74 14.0
390 219.8 217.55 14.0
391 235.5 190.35 14.0
392 251.2 163.16 14.0
393 266.9 135.97 14.0
394 282.6 108.77 14.0
395 298.3 81.58 14.0
396 314.0 54.39 14.0
397 329.7 27.19 14.0
398 361.1 -27.19 14.0
399 345.4 -54.39 14.0
400 329.7 -81.58 14.0
401 314.0 -108.77 14.0
402 298.3 -135.97 14.0
403 282.6 -163.16 14.0
404 266.9 -190.35 14.0
405 251.2 -217.55 14.0
406 235.5 -244.74 14.0
407 219.8 -271.93 14.0
408 204.1 -299.13 14.0
409 157.0 -326.32 14.0
410 125.6 -326.32 14.0
411 94.2 -326.32 14.0
412 62.8 -326.32 14.0
413 31.4 -326.32 14.0
414 0.0 -326.32 14.0
415 -31.4 -326.32 14.0
416 -62.8 -326.32 14.0
417 -94.2 -326.32 14.0
418 -125.6 -326.32 14.0
419 -157.0 -326.32 14.0
420 -204.1 -299.13 14.0
421 -219.8 -271.93 14.0
422 -235.5 -244.74 14.0
423 -251.2 -217.55 14.0
424 -266.9 -190.35 14.0
425 -282.6 -163.16 14.0
426 -298.3 -135.97 14.0
427 -314.0 -108.77 14.0
428 -329.7 -81.58 14.0
429 -345.4 -54.39 14.0
430 -361.1 -27.19 14.0
431 -361.1 27.19 14.0
432 -345.4 54.39 14.0
433 -329.7 81.58 14.0
434 -314.0 108.77 14.0
435 -298.3 135.97 14.0
436 -282.6 163.16 14.0
437 -266.9 190.35 14.0
438 -251.2 217.55 14.0
439 -235.5 244.74 14.0
440 -219.8 271.93 14.0
441 -204.1 299.13 14.0
442 -157.0 326.32 14.0
443 -125.6 326.32 14.0
444 -94.2 326.32 14.0
445 -62.8 326.32 14.0
446 -31.4 326.32 14.0
447 0.0 326.32 14.0
448 31.4 326.32 14.0
449 62.8 326.32 14.0
450 94.2 326.32 14.0
451 125.6 326.32 14.0
452 157.0 326.32 14.0
453 204.1 299.13 14.0
454 219.8 271.93 14.0
455 235.5 244.74 14.0
456 251.2 217.55 14.0
457 266.9 190.35 14.0
458 282.6 163.16 14.0
459 298.3 135.97 14.0
460 314.0 108.77 14.0
461 329.7 81.58 14.0
462 345.4 54.39 14.0
463 361.1 27.19 14.0
464 345.4 -108.77 14.0
465 329.7 -135.97 14.0
466 314.0 -163.16 14.0
467 298.3 -190.35 14.0
468 282.6 -217.55 14.0
469 266.9 -244.74 14.0
470 78.5 -353.51 14.0
471 47.1 -353.51 14.0
472 15.7 -353.51 14.0
473 -15.7 -353.51 14.0
474 -47.1 -353.51 14.0
475 -78.5 -353.51 14.0
476 -266.9 -244.74 14.0
477 -282.6 -217.55 14.0
478 -298.3 -190.35 14.0
479 -314.0 -163.16 14.0
480 -329.7 -135.97 14.0
481 -345.4 -108.77 14.0
482 -345.4 108.77 14.0
483 -329.7 135.97 14.0
484 -314.0 163.16 14.0
485 -298.3 190.35 14.0
486 -282.6 217.55 14.0
487 -266.9 244.74 14.0
488 -78.5 353.51 14.0
489 -47.1 353.51 14.0
490 -15.7 353.51 14.0
491 15.7 353.51 14.0
492 47.1 353.51 14.0
493 78.5 353.51 14.0
494 266.9 244.74 14.0
495 282.6 217.55 14.0
496 298.3 190.35 14.0
497 314.0 163.16 14.0
498 329.7 135.97 14.0
499 345.4 108.77 14.0
